Filename	Segment	WC	Analytic	Clout	Authentic	Tone	WPS	Sixltr	Dic	function	pronoun	ppron	i	we	you	shehe	they	ipron	article	prep	auxverb	adverb	conj	negate	verb	adj	compare	interrog	number	quant	affect	posemo	negemo	anx	anger	sad	social	family	friend	female	male	cogproc	insight	cause	discrep	tentat	certain	differ	percept	see	hear	feel	bio	body	health	sexual	ingest	drives	affiliation	achieve	power	reward	risk	focuspast	focuspresent	focusfuture	relativ	motion	space	time	work	leisure	home	money	relig	death	informal	swear	netspeak	assent	nonflu	filler	AllPunc	Period	Comma	Colon	SemiC	QMark	Exclam	Dash	Quote	Apostro	Parenth	OtherP
01.txt	1	338	13.96	95.95	18.77	70.33	15.36	16.27	83.73	53.55	20.12	15.98	4.14	5.03	6.51	0.00	0.30	4.14	3.55	7.40	12.72	4.14	5.62	4.44	18.34	2.66	0.59	0.30	0.30	1.78	6.80	4.44	2.07	0.30	0.00	0.89	20.12	0.00	0.59	1.48	0.00	13.91	1.48	2.07	1.78	1.48	1.48	5.62	1.18	0.30	0.59	0.00	0.30	0.00	0.00	0.00	0.30	12.43	5.33	2.07	2.66	1.48	0.89	2.37	13.61	1.78	6.21	0.59	2.66	2.96	3.55	0.00	0.00	0.30	0.00	0.00	3.25	0.00	0.00	0.89	2.37	0.00	24.56	7.10	11.83	0.00	0.30	1.48	0.30	0.00	0.00	2.96	0.59	0.00
02.txt	1	46	16.15	74.30	9.25	99.00	9.20	4.35	60.87	39.13	21.74	13.04	8.70	0.00	4.35	0.00	0.00	8.70	4.35	0.00	10.87	4.35	2.17	0.00	17.39	0.00	0.00	4.35	4.35	0.00	6.52	6.52	0.00	0.00	0.00	0.00	10.87	0.00	0.00	0.00	0.00	2.17	0.00	0.00	2.17	0.00	0.00	0.00	0.00	0.00	0.00	0.00	0.00	0.00	0.00	0.00	0.00	6.52	4.35	0.00	0.00	2.17	0.00	2.17	13.04	2.17	6.52	0.00	4.35	4.35	2.17	0.00	0.00	0.00	0.00	0.00	4.35	0.00	0.00	4.35	0.00	0.00	26.09	4.35	8.70	0.00	2.17	4.35	2.17	0.00	0.00	4.35	0.00	0.00
03.txt	1	385	41.68	98.66	11.41	96.51	7.86	15.06	78.96	46.23	18.70	14.55	3.64	3.64	5.97	0.26	1.04	4.16	4.42	8.83	11.69	2.86	3.64	0.26	16.10	1.82	0.00	3.38	3.38	2.60	5.19	4.94	0.00	0.00	0.00	0.00	17.40	0.00	0.52	0.00	0.52	9.61	1.56	3.38	1.82	2.34	1.04	0.78	0.52	0.26	0.26	0.00	0.00	0.00	0.00	0.00	0.00	7.79	5.45	0.78	0.78	1.04	0.26	3.12	12.47	0.26	9.87	0.26	4.42	5.19	6.75	0.52	0.00	4.94	0.00	0.00	2.86	0.00	0.26	2.08	0.78	0.00	24.42	7.53	6.75	0.00	0.00	5.97	0.26	0.52	0.00	2.08	0.00	1.30
04.txt	1	277	35.92	88.31	40.08	66.75	7.10	11.91	74.73	50.18	18.41	13.00	4.69	1.44	6.14	0.00	0.72	5.42	5.78	9.75	13.00	3.97	4.69	1.44	17.69	0.72	1.08	4.33	3.97	0.36	2.17	2.17	0.00	0.00	0.00	0.00	13.00	0.00	0.00	0.00	0.00	9.03	2.89	1.44	0.72	2.89	0.72	2.53	1.08	0.36	0.36	0.36	0.00	0.00	0.00	0.00	0.00	4.33	2.53	0.72	0.72	0.72	0.00	2.17	13.72	1.08	10.11	1.08	6.86	2.53	3.25	0.00	0.00	3.97	0.00	0.00	1.08	0.00	0.36	0.00	0.72	0.00	27.44	10.11	5.42	0.00	0.00	5.05	0.00	0.00	0.00	6.14	0.72	0.00
05.txt	1	106	47.86	95.50	25.14	61.55	8.15	10.38	75.47	50.00	19.81	15.09	2.83	2.83	7.55	0.00	1.89	4.72	2.83	13.21	10.38	1.89	2.83	2.83	21.70	0.94	0.94	0.94	0.00	0.94	3.77	2.83	0.94	0.00	0.00	0.00	16.04	0.00	0.00	0.00	0.00	13.21	0.94	1.89	3.77	4.72	0.94	3.77	1.89	0.00	1.89	0.00	0.00	0.00	0.00	0.00	0.00	11.32	3.77	0.00	6.60	0.00	0.94	0.94	19.81	1.89	13.21	6.60	6.60	0.00	3.77	3.77	0.00	0.00	0.00	0.00	1.89	0.00	0.00	0.94	0.94	0.00	26.42	9.43	5.66	0.00	0.00	4.72	0.00	0.94	1.89	3.77	0.00	0.00
06.txt	1	74	70.25	70.57	15.32	9.26	9.25	10.81	77.03	43.24	13.51	9.46	5.41	0.00	1.35	1.35	1.35	4.05	5.41	10.81	8.11	6.76	1.35	0.00	17.57	1.35	0.00	2.70	4.05	4.05	1.35	0.00	1.35	0.00	0.00	1.35	10.81	0.00	0.00	0.00	1.35	13.51	1.35	2.70	2.70	4.05	1.35	1.35	4.05	0.00	1.35	2.70	0.00	0.00	0.00	0.00	0.00	13.51	4.05	4.05	5.41	2.70	0.00	4.05	10.81	0.00	10.81	0.00	9.46	1.35	1.35	0.00	1.35	1.35	0.00	0.00	1.35	0.00	0.00	0.00	0.00	0.00	17.57	8.11	4.05	0.00	0.00	2.70	0.00	1.35	0.00	1.35	0.00	0.00
07.txt	1	83	44.49	99.00	46.55	48.10	13.83	15.66	87.95	54.22	19.28	16.87	1.20	3.61	8.43	3.61	0.00	2.41	6.02	10.84	8.43	2.41	8.43	1.20	12.05	3.61	0.00	1.20	2.41	0.00	1.20	1.20	0.00	0.00	0.00	0.00	24.10	0.00	1.20	0.00	4.82	9.64	1.20	4.82	2.41	1.20	0.00	3.61	2.41	0.00	2.41	0.00	0.00	0.00	0.00	0.00	0.00	12.05	7.23	0.00	4.82	0.00	1.20	0.00	14.46	1.20	20.48	7.23	7.23	6.02	4.82	1.20	1.20	0.00	0.00	0.00	1.20	0.00	0.00	0.00	0.00	0.00	19.28	6.02	9.64	0.00	0.00	1.20	0.00	0.00	1.20	1.20	0.00	0.00
08.txt	1	199	59.49	63.76	9.31	54.14	7.37	16.58	78.39	47.24	18.09	10.55	6.53	0.00	2.51	1.51	0.00	7.54	9.55	9.05	11.56	1.51	3.52	1.51	18.09	2.01	0.50	3.52	1.51	2.01	3.52	2.51	1.01	0.00	0.50	0.00	9.55	0.00	0.00	2.01	0.50	6.53	1.01	1.51	1.51	1.51	0.50	0.50	1.51	0.50	1.01	0.00	0.00	0.00	0.00	0.00	0.00	5.53	0.50	0.50	3.02	2.01	0.00	3.02	16.08	0.00	8.04	1.51	5.03	1.51	6.03	0.00	1.01	3.52	0.00	0.00	3.52	0.00	0.50	2.01	1.01	0.50	28.64	7.54	5.03	0.00	0.50	5.53	0.00	0.50	2.01	7.54	0.00	0.00
09.txt	1	334	49.12	97.20	1.00	84.06	10.77	10.78	81.74	50.90	17.66	14.07	3.29	1.50	3.59	4.79	0.90	3.59	5.39	11.38	9.58	3.89	5.39	1.50	17.37	1.50	0.30	2.69	1.80	1.80	5.09	4.19	0.90	0.00	0.00	0.60	19.76	0.30	0.90	0.00	6.29	7.19	0.30	1.20	3.29	1.80	1.20	0.90	2.99	0.90	1.50	0.60	0.30	0.30	0.00	0.00	0.00	7.49	3.29	0.30	2.99	1.80	0.60	2.69	11.98	2.69	9.88	1.80	5.39	2.99	2.69	0.30	1.50	3.89	0.00	0.00	2.40	0.00	0.00	1.50	0.30	0.30	19.46	6.89	6.29	0.00	0.00	2.99	0.00	0.00	0.00	3.29	0.00	0.00
10.txt	1	315	48.18	87.99	35.25	61.90	6.56	6.98	85.08	50.48	20.95	14.29	6.03	0.63	1.90	5.40	0.32	6.67	7.30	10.79	9.21	4.76	3.81	0.95	18.73	2.54	0.95	3.17	2.22	1.59	3.17	2.54	0.63	0.32	0.32	0.00	17.46	0.00	1.27	0.00	6.67	6.67	1.59	1.27	0.32	1.90	0.63	0.95	3.49	0.32	3.17	0.00	0.00	0.00	0.00	0.00	0.00	6.35	1.27	1.27	2.22	1.59	0.00	5.40	13.65	1.90	15.87	2.54	7.94	6.35	3.17	0.00	0.00	3.49	0.00	0.00	1.27	0.32	0.00	0.95	0.00	0.00	25.40	11.75	3.81	0.00	0.32	3.49	0.00	0.32	0.00	5.71	0.00	0.00
11.txt	1	680	24.55	84.14	24.77	70.09	7.91	10.15	82.79	52.79	21.18	11.32	3.82	1.76	5.74	0.00	0.00	9.71	5.00	9.12	12.65	5.00	3.97	1.91	23.68	2.21	1.18	2.06	2.21	2.06	6.76	4.56	2.21	0.15	0.15	0.29	11.47	0.00	0.00	0.00	0.15	12.06	1.62	0.88	4.41	4.85	0.59	3.09	2.79	0.88	1.62	0.29	0.29	0.00	0.29	0.00	0.00	10.29	2.35	2.21	1.91	3.38	1.62	2.35	17.50	1.76	12.79	1.47	7.06	4.71	2.21	0.44	0.15	0.15	0.00	0.00	3.24	0.15	0.15	1.32	1.03	0.00	28.97	12.65	6.18	0.00	0.15	1.76	0.29	0.15	1.18	6.47	0.00	0.15
12.txt	1	633	32.44	94.28	17.20	91.98	9.04	12.64	84.99	52.76	19.12	12.64	3.16	2.53	6.00	0.79	0.16	6.48	4.42	11.85	11.06	5.37	5.69	2.37	18.96	2.69	1.26	1.90	2.21	2.84	5.69	4.90	0.79	0.16	0.00	0.00	15.32	0.32	0.16	0.79	0.16	14.38	1.74	3.32	3.48	3.32	1.74	2.53	1.26	0.47	0.63	0.32	0.00	0.00	0.00	0.00	0.00	9.95	3.63	1.11	2.53	1.58	1.74	2.37	16.27	1.11	12.16	1.90	4.11	6.48	3.00	0.16	0.32	0.16	0.00	0.00	2.84	0.00	0.16	1.74	0.95	0.00	22.91	8.85	4.58	0.00	0.16	3.16	0.00	0.63	0.32	5.06	0.00	0.16
13.txt	1	681	48.60	89.65	38.43	56.27	11.74	7.78	82.09	53.74	19.82	14.39	6.61	2.06	4.85	0.88	0.00	5.43	5.87	12.78	11.16	4.26	3.82	1.03	20.70	1.17	0.29	1.91	1.32	2.06	2.50	2.06	0.44	0.00	0.15	0.00	14.54	0.00	0.15	0.00	1.03	6.90	0.88	1.17	1.91	1.32	1.03	1.03	1.91	0.88	0.73	0.29	0.44	0.44	0.00	0.00	0.00	8.96	3.38	1.76	2.20	2.50	0.00	4.11	14.68	1.32	13.51	1.76	8.08	3.96	3.82	0.88	0.44	0.59	0.00	0.00	2.64	0.15	0.44	1.62	0.44	0.00	21.88	5.73	6.75	0.00	0.15	2.79	0.00	1.03	1.17	4.26	0.00	0.00
14.txt	1	314	24.58	77.77	45.89	86.47	8.49	15.61	80.57	50.96	22.29	17.20	8.92	0.32	6.69	1.27	0.00	5.10	3.82	10.19	14.01	3.18	3.18	1.91	20.70	1.91	1.59	2.23	1.91	0.96	4.78	4.14	0.64	0.32	0.32	0.00	13.06	0.00	0.32	0.00	1.59	6.05	0.64	1.27	0.64	1.91	0.96	1.27	1.59	1.27	0.32	0.00	0.00	0.00	0.00	0.00	0.00	6.69	1.59	0.64	2.87	1.91	0.00	3.50	13.38	2.55	11.46	1.91	6.37	3.18	5.73	0.32	0.00	3.82	0.00	0.00	1.91	0.32	0.32	0.96	0.32	0.00	30.89	9.87	7.64	0.00	0.00	4.14	0.96	0.32	1.27	6.69	0.00	0.00
15.txt	1	390	32.17	53.08	66.70	64.65	11.82	7.95	87.18	59.49	21.54	17.95	11.79	0.77	3.85	1.28	0.26	3.59	6.67	12.56	12.56	4.87	5.90	1.79	17.95	2.31	0.77	1.54	1.54	1.28	3.59	2.82	0.77	0.00	0.26	0.00	10.77	0.00	0.26	0.00	1.79	6.41	0.77	1.28	2.56	1.54	0.00	1.03	0.51	0.00	0.51	0.00	0.26	0.00	0.26	0.00	0.00	7.69	1.54	1.28	1.54	1.28	2.31	1.03	16.15	1.54	13.85	2.05	9.23	2.82	5.64	0.51	0.51	1.03	0.00	0.00	0.77	0.00	0.00	0.26	0.51	0.00	17.44	6.15	3.59	0.00	0.00	2.31	0.00	0.26	0.77	4.36	0.00	0.00
16.txt	1	188	25.15	50.00	71.83	66.07	10.44	10.11	87.23	55.85	21.28	15.96	9.57	0.00	4.26	1.60	0.53	5.32	3.72	12.23	10.11	6.38	5.85	2.66	22.87	2.66	1.06	2.66	1.06	1.60	5.32	3.72	1.60	0.00	1.60	0.00	12.77	0.53	0.00	1.06	1.06	15.96	3.72	1.06	2.13	4.79	1.60	4.79	1.06	0.00	0.53	0.53	0.00	0.00	0.00	0.00	0.00	7.98	0.53	1.06	3.19	2.66	0.53	2.66	20.74	1.60	10.11	1.06	6.91	2.66	4.79	1.06	1.06	0.00	0.00	0.00	0.00	0.00	0.00	0.00	0.00	0.00	21.28	7.98	4.79	0.00	0.00	1.06	0.53	0.00	0.00	6.91	0.00	0.00
17.txt	1	159	33.17	99.00	3.45	16.74	11.36	15.09	86.16	57.86	27.04	19.50	4.40	5.03	5.66	4.40	0.00	7.55	4.40	13.21	8.18	3.77	3.14	2.52	20.13	1.26	1.26	1.26	1.26	1.26	0.63	0.00	0.63	0.00	0.00	0.63	23.27	0.00	0.00	0.00	4.40	8.81	1.26	0.63	3.77	1.26	1.26	1.26	3.77	0.00	3.77	0.00	0.00	0.00	0.00	0.00	0.00	10.06	5.03	0.63	1.26	3.14	0.00	5.03	15.72	1.89	11.32	0.63	5.03	5.66	8.18	0.00	0.00	1.26	0.00	0.00	0.00	0.00	0.00	0.00	0.00	0.00	20.75	8.81	4.40	0.00	0.00	2.52	0.63	0.00	0.00	4.40	0.00	0.00
18.txt	1	230	57.62	86.15	5.32	74.37	10.45	9.57	77.83	50.00	17.83	11.30	3.91	0.87	3.48	2.17	0.87	6.52	7.39	10.87	11.74	3.04	2.17	1.74	20.87	1.30	0.43	2.61	3.48	1.74	2.61	2.61	0.00	0.00	0.00	0.00	12.61	0.00	0.87	0.43	2.61	10.87	3.04	1.30	2.61	2.61	0.87	0.43	2.17	0.43	1.74	0.00	0.00	0.00	0.00	0.00	0.00	4.35	1.30	0.43	2.17	0.87	0.00	3.91	15.65	1.74	8.70	0.43	4.78	3.48	3.91	0.00	0.00	3.04	0.00	0.00	1.30	0.00	0.00	0.87	0.43	0.00	28.26	6.52	8.26	0.00	0.00	3.48	0.00	0.00	1.74	6.96	0.00	1.30
19.txt	1	334	23.34	76.38	57.64	59.81	13.92	14.67	87.13	56.59	20.96	14.67	7.49	1.50	5.39	0.00	0.30	6.29	4.49	11.38	11.08	6.59	6.59	1.80	22.46	2.69	0.90	1.20	0.30	2.10	5.69	3.59	1.80	0.00	0.00	0.00	13.17	0.00	0.00	0.00	0.00	13.17	1.50	1.50	3.59	3.59	1.80	3.59	4.49	2.69	1.50	0.30	0.30	0.00	0.30	0.00	0.00	8.68	2.10	1.80	1.80	1.50	1.80	1.20	17.66	2.40	13.17	3.29	4.19	5.69	3.29	0.30	0.00	0.00	0.00	0.00	1.20	0.00	0.30	0.60	0.30	0.00	18.56	6.29	5.99	0.00	0.00	0.90	0.00	0.00	0.30	5.09	0.00	0.00
20.txt	1	213	44.17	64.65	60.11	52.17	12.53	7.98	83.10	56.34	20.19	14.55	7.98	1.41	1.88	0.94	2.35	5.63	8.45	11.74	11.74	4.23	5.63	1.41	19.25	1.88	0.00	0.94	1.88	0.00	2.35	1.88	0.47	0.00	0.00	0.00	11.27	0.00	0.00	0.94	0.47	8.92	1.41	2.35	1.41	1.41	0.94	1.41	1.88	0.47	1.41	0.00	0.00	0.00	0.00	0.00	0.00	6.57	1.41	0.47	1.88	2.35	0.47	1.88	12.68	2.35	14.08	0.94	10.33	3.76	4.23	0.00	0.94	0.94	0.00	0.00	1.88	0.00	0.00	0.47	1.41	0.00	25.82	6.10	7.98	0.00	0.47	1.88	0.00	0.47	1.41	7.51	0.00	0.00
21.txt	1	210	60.73	88.30	14.92	18.73	14.00	17.62	84.76	54.29	17.62	11.90	3.81	1.43	4.76	1.43	0.48	5.71	5.71	15.71	10.48	2.86	4.76	2.86	18.57	3.33	0.95	2.38	1.43	2.86	2.86	0.95	1.43	0.00	0.00	0.95	14.76	0.00	0.95	0.00	2.38	10.00	1.43	1.43	2.38	1.90	1.43	2.38	1.43	0.48	0.48	0.48	0.00	0.00	0.00	0.00	0.00	7.62	2.38	0.48	3.81	1.43	0.48	3.81	11.43	0.95	10.95	1.90	6.19	3.33	6.19	0.00	0.00	1.43	0.00	0.00	0.48	0.00	0.00	0.00	0.48	0.00	21.43	5.71	4.76	0.00	0.00	2.38	0.00	0.48	1.90	6.19	0.00	0.00
22.txt	1	535	32.54	60.33	35.01	71.40	8.92	9.72	77.94	49.35	18.69	11.40	6.92	0.75	2.43	1.31	0.00	7.29	6.17	8.79	12.15	4.30	4.86	2.24	21.31	1.31	0.75	2.43	4.11	0.75	4.30	3.36	0.93	0.19	0.19	0.19	11.78	0.00	0.00	1.31	0.00	9.53	1.31	1.12	2.43	2.62	0.75	2.99	2.06	0.37	1.31	0.37	1.12	0.19	0.56	0.00	0.37	4.67	2.24	0.37	1.31	1.12	0.00	3.55	16.45	1.68	11.21	1.68	4.86	5.42	3.55	0.00	0.19	1.50	0.00	0.00	3.93	0.19	0.93	1.87	0.75	0.00	26.36	8.60	6.54	0.19	0.19	2.62	0.00	0.56	0.93	6.73	0.00	0.00
23.txt	1	246	24.77	92.82	1.67	71.55	15.38	17.89	76.83	54.07	18.70	11.38	1.22	4.47	4.88	0.81	0.00	7.32	5.28	9.76	11.38	6.50	6.91	2.03	17.07	2.85	2.85	0.81	2.03	2.03	5.69	4.07	1.63	0.00	0.41	0.81	13.41	0.00	0.00	0.00	0.81	13.41	0.00	2.03	4.07	4.07	1.63	4.88	1.22	0.81	0.41	0.00	0.00	0.00	0.00	0.00	0.00	8.94	4.88	1.22	1.22	1.22	1.22	3.66	14.63	1.22	6.91	1.22	2.03	3.66	2.03	0.81	0.41	0.81	0.00	0.00	2.03	0.00	0.00	1.63	0.41	0.00	18.70	4.47	6.91	0.00	0.00	1.63	0.00	0.00	1.22	4.47	0.00	0.00
24.txt	1	280	49.65	90.06	38.74	83.08	7.00	10.71	80.71	46.43	16.79	13.93	6.43	1.43	5.00	0.36	0.71	2.86	7.14	9.64	10.36	5.36	4.29	1.07	17.86	2.50	0.00	1.79	3.21	0.71	3.93	3.57	0.36	0.00	0.00	0.00	14.29	0.00	0.00	0.36	0.00	5.71	1.43	0.71	2.50	0.71	0.71	0.36	2.86	0.00	2.50	0.36	0.00	0.00	0.00	0.00	0.00	6.43	2.50	0.36	1.43	1.79	0.71	2.50	13.93	1.43	13.93	1.43	8.21	5.36	5.71	1.07	1.07	1.07	0.00	0.00	4.29	0.00	0.00	1.79	2.14	0.00	30.71	14.29	7.50	0.00	0.00	2.50	0.00	0.36	0.00	6.07	0.00	0.00
25.txt	1	362	65.24	79.63	35.58	95.50	7.87	16.30	72.38	47.24	15.47	11.60	4.70	0.83	4.97	1.10	0.00	3.87	6.91	11.05	11.05	2.76	3.59	0.55	15.75	2.21	1.66	1.66	2.76	1.66	4.70	4.70	0.00	0.00	0.00	0.00	9.39	0.00	0.55	0.00	1.10	5.80	0.55	0.28	2.21	1.38	0.28	1.66	0.28	0.28	0.00	0.00	0.00	0.00	0.00	0.00	0.00	5.25	1.10	1.93	3.04	0.83	0.00	0.55	13.26	2.76	15.19	1.10	4.97	9.39	1.93	1.10	0.00	0.28	0.00	0.00	2.21	0.00	0.00	1.66	0.55	0.00	25.14	11.60	5.25	0.55	0.00	2.76	0.00	0.55	0.55	3.87	0.00	0.00
26.txt	1	107	68.97	84.81	12.23	25.77	13.38	13.08	82.24	57.94	15.89	12.15	5.61	3.74	2.80	0.00	0.00	3.74	9.35	15.89	10.28	4.67	7.48	0.93	18.69	2.80	2.80	1.87	0.00	2.80	3.74	1.87	1.87	0.00	0.93	0.93	10.28	0.00	0.00	0.00	0.93	7.48	0.00	1.87	1.87	2.80	0.93	0.00	1.87	0.93	0.93	0.00	2.80	0.93	1.87	0.00	0.00	8.41	3.74	0.93	1.87	1.87	0.00	8.41	10.28	0.93	10.28	1.87	3.74	5.61	3.74	0.00	0.00	0.00	0.00	0.00	0.93	0.00	0.93	0.00	0.00	0.00	16.82	6.54	2.80	0.00	0.00	0.93	0.00	2.80	0.00	2.80	0.00	0.93
27.txt	1	88	61.00	97.95	25.48	94.75	11.00	13.64	82.95	52.27	15.91	13.64	3.41	4.55	5.68	0.00	0.00	2.27	9.09	9.09	12.50	3.41	3.41	0.00	15.91	4.55	0.00	1.14	0.00	4.55	6.82	5.68	1.14	0.00	0.00	0.00	14.77	0.00	0.00	0.00	0.00	9.09	1.14	1.14	1.14	4.55	1.14	1.14	0.00	0.00	0.00	0.00	0.00	0.00	0.00	0.00	0.00	11.36	6.82	3.41	2.27	0.00	0.00	1.14	12.50	1.14	12.50	2.27	6.82	3.41	6.82	1.14	0.00	1.14	0.00	0.00	1.14	0.00	0.00	0.00	1.14	0.00	14.77	5.68	3.41	0.00	1.14	3.41	0.00	0.00	0.00	0.00	0.00	1.14
28.txt	1	159	5.96	42.51	81.66	49.16	5.68	11.95	80.50	50.94	27.67	20.75	15.72	0.00	5.03	0.00	0.00	6.92	1.89	5.66	10.06	5.03	5.66	1.89	13.21	4.40	1.26	2.52	0.00	0.63	7.55	4.40	3.14	0.63	0.00	1.26	11.95	0.00	0.00	0.00	0.00	8.81	1.89	1.26	1.26	1.26	1.89	1.26	4.40	0.63	3.14	0.63	0.63	0.63	0.00	0.00	0.00	8.81	2.52	1.89	5.03	0.63	1.26	1.89	11.32	0.63	8.81	1.26	5.03	2.52	3.14	0.00	0.00	0.00	0.00	0.00	0.63	0.00	0.00	0.63	0.00	0.00	26.42	13.84	4.40	0.00	0.63	3.77	0.00	0.00	0.00	3.77	0.00	0.00
29.txt	1	156	11.42	35.01	81.06	25.77	8.21	10.26	82.69	57.05	22.44	17.95	14.10	0.00	3.85	0.00	0.00	4.49	4.49	8.97	14.10	6.41	7.05	1.28	19.87	3.21	0.00	1.28	1.28	0.64	7.69	3.85	3.85	1.28	0.64	0.64	8.97	0.00	0.64	0.00	0.00	3.85	0.00	0.00	1.92	0.00	0.64	1.28	0.00	0.00	0.00	0.00	1.28	0.00	0.00	0.00	0.64	4.49	2.56	0.64	0.64	0.64	0.64	6.41	13.46	0.64	12.82	3.21	5.13	4.49	3.21	0.64	0.64	0.00	0.00	0.64	1.28	0.00	0.00	0.00	1.28	0.00	26.28	10.26	7.69	0.00	0.00	1.92	0.64	0.00	0.00	5.77	0.00	0.00
30.txt	1	212	15.13	30.18	79.50	13.09	8.48	6.13	82.55	55.19	23.11	18.87	13.68	0.00	4.72	0.47	0.00	4.25	4.72	6.60	11.79	5.19	5.19	1.42	16.04	3.77	1.42	2.83	0.00	0.94	4.72	1.89	2.83	0.00	1.42	0.94	9.43	0.00	0.47	0.00	0.94	8.49	0.94	1.42	0.47	0.47	1.89	3.30	2.83	0.94	1.42	0.47	0.00	0.00	0.00	0.00	0.00	7.55	1.42	0.00	3.77	2.83	0.47	3.30	16.04	0.94	8.96	0.00	3.77	5.66	3.30	0.00	0.00	0.00	0.47	0.00	1.89	0.94	0.00	0.47	0.94	0.00	21.23	7.55	7.08	0.00	0.47	4.72	0.00	0.00	0.00	1.42	0.00	0.00
31.txt	1	72	65.75	98.11	3.01	51.78	9.00	8.33	73.61	47.22	16.67	13.89	1.39	8.33	4.17	0.00	0.00	2.78	8.33	9.72	9.72	1.39	1.39	4.17	20.83	0.00	0.00	0.00	12.50	0.00	1.39	1.39	0.00	0.00	0.00	0.00	15.28	0.00	0.00	0.00	0.00	9.72	0.00	5.56	2.78	0.00	0.00	1.39	0.00	0.00	0.00	0.00	0.00	0.00	0.00	0.00	0.00	12.50	8.33	0.00	1.39	2.78	0.00	2.78	12.50	1.39	9.72	4.17	2.78	2.78	6.94	1.39	0.00	0.00	0.00	0.00	1.39	0.00	0.00	1.39	0.00	0.00	27.78	9.72	5.56	0.00	0.00	1.39	0.00	6.94	0.00	4.17	0.00	0.00
32.txt	1	1128	19.70	50.35	58.25	79.19	8.81	9.04	89.01	57.62	22.25	14.72	8.95	0.35	4.79	0.35	0.27	7.54	3.63	11.52	13.92	4.79	4.26	2.84	21.37	4.43	1.77	1.95	0.98	2.22	6.74	4.79	1.86	0.00	0.09	0.89	10.02	0.18	0.09	0.27	0.35	12.85	2.39	0.89	2.84	3.28	1.60	3.28	1.24	0.62	0.53	0.18	0.18	0.00	0.18	0.00	0.00	7.89	1.24	2.22	2.39	2.57	0.80	2.84	18.97	1.68	10.82	1.42	4.34	5.05	3.90	0.18	0.35	0.27	0.00	0.00	3.01	0.00	0.09	1.60	1.24	0.09	23.67	9.84	5.59	0.00	0.00	1.95	0.09	0.00	0.00	4.52	0.00	1.68
33.txt	1	587	34.38	81.67	19.52	93.04	10.30	14.65	83.65	53.15	21.12	16.35	7.50	2.39	4.77	1.36	0.34	4.77	3.58	11.41	11.75	4.43	2.56	1.70	19.76	3.41	1.02	1.19	0.00	1.70	5.62	4.94	0.68	0.00	0.17	0.34	13.63	0.00	0.00	1.36	0.85	11.07	1.36	1.02	4.26	2.56	0.85	2.56	3.41	2.90	0.34	0.17	0.68	0.17	0.51	0.00	0.00	9.03	3.24	0.17	2.73	1.70	1.53	2.04	14.82	2.04	10.05	0.51	5.96	3.41	3.07	0.00	0.00	1.70	0.00	0.00	2.56	0.00	0.00	1.19	1.36	0.00	18.23	7.50	4.77	0.00	0.00	2.21	0.17	1.02	0.00	1.53	0.34	0.68
34.txt	1	314	23.88	48.73	68.46	49.48	14.27	13.06	86.62	56.05	18.47	12.42	7.96	1.91	1.59	0.64	0.32	6.05	4.78	11.15	14.65	6.37	4.78	2.55	17.83	4.78	1.27	0.96	1.59	1.91	6.05	3.50	2.23	0.32	0.32	0.00	9.55	0.00	0.00	0.00	0.64	10.83	1.27	1.91	2.23	3.18	1.59	2.87	1.59	0.32	0.32	0.96	0.32	0.00	0.32	0.00	0.00	9.24	4.46	0.64	3.18	1.27	1.27	3.18	14.97	1.59	14.65	2.23	7.01	5.73	3.82	0.00	0.00	0.64	0.00	0.00	3.18	0.00	0.32	1.27	1.59	0.00	20.38	5.10	6.37	0.32	0.00	1.91	0.00	0.64	0.00	4.78	0.00	1.27
35.txt	1	673	60.06	76.67	37.99	97.40	10.20	14.41	78.01	49.63	16.49	13.22	7.43	0.15	5.50	0.00	0.15	3.27	6.84	10.85	11.59	2.38	3.12	1.49	16.79	1.78	1.04	1.19	0.74	0.45	6.69	5.94	0.74	0.30	0.00	0.45	12.93	0.00	0.74	0.00	0.00	11.14	1.34	1.93	2.53	1.63	1.63	2.38	0.89	0.45	0.45	0.00	0.00	0.00	0.00	0.00	0.00	4.16	2.08	0.59	2.23	0.00	0.30	2.38	13.08	1.78	10.55	2.82	2.97	4.31	1.04	0.00	2.23	0.74	0.00	0.00	0.89	0.00	0.00	0.74	0.15	0.00	17.83	7.58	3.71	0.59	0.00	2.08	0.15	0.30	0.59	1.34	0.00	1.49
36.txt	1	647	38.07	76.15	32.27	79.34	21.57	11.90	74.96	50.39	18.24	12.98	6.18	0.62	6.18	0.00	0.00	5.26	6.03	8.19	12.06	4.02	3.55	1.55	16.38	2.32	1.39	1.08	1.08	0.62	4.64	3.71	0.77	0.15	0.00	0.62	10.82	0.00	0.15	0.00	0.00	8.50	1.70	0.77	2.32	1.85	0.46	2.78	1.08	0.77	0.15	0.15	0.00	0.00	0.00	0.00	0.00	5.26	2.32	0.46	2.94	0.62	0.00	2.63	13.60	1.55	9.89	0.93	3.55	4.95	1.39	0.15	1.39	2.32	0.00	0.00	0.93	0.00	0.15	0.62	0.15	0.00	12.21	2.63	3.09	0.15	0.00	2.47	0.00	0.46	0.00	2.47	0.00	0.93
37.txt	1	324	60.34	60.95	67.75	72.05	14.09	21.30	63.58	35.49	13.27	10.80	7.10	0.31	3.40	0.00	0.00	2.47	3.40	7.10	8.33	3.09	2.16	0.93	11.73	1.54	0.62	0.31	8.95	0.62	3.09	2.78	0.31	0.00	0.00	0.31	8.33	0.31	0.00	0.00	0.31	5.56	0.62	0.31	2.16	1.23	1.54	1.23	0.31	0.31	0.00	0.00	0.00	0.00	0.00	0.00	0.00	4.63	1.85	0.00	2.78	0.62	0.31	2.16	8.64	1.23	16.98	0.62	3.70	11.73	0.00	0.00	1.23	1.54	0.00	0.00	0.31	0.00	0.00	0.31	0.00	0.00	26.85	6.17	9.57	0.62	0.00	0.93	0.31	6.48	0.00	1.54	0.00	1.23
38.txt	1	609	21.45	80.79	22.26	95.04	15.62	12.97	78.16	52.87	18.39	12.48	5.25	1.64	5.42	0.00	0.16	5.91	4.11	9.03	12.32	7.55	5.75	1.15	17.24	1.81	1.31	1.64	3.12	1.48	6.24	5.42	0.82	0.00	0.00	0.33	9.69	0.00	0.00	0.00	0.16	8.37	0.99	1.48	0.82	2.46	1.97	1.64	1.48	0.99	0.49	0.00	0.33	0.00	0.16	0.00	0.16	5.91	1.97	1.31	1.15	1.64	0.33	2.13	14.12	0.99	9.36	1.81	2.13	5.75	1.64	0.00	0.00	1.15	0.00	0.00	4.43	0.00	0.99	2.79	0.99	0.00	20.36	6.73	4.27	0.00	0.00	0.66	0.00	3.94	0.49	3.28	0.66	0.33
39.txt	1	629	54.86	94.74	23.64	97.53	11.65	17.01	71.54	43.08	18.44	13.67	4.77	0.79	7.79	0.32	0.00	4.77	2.70	9.70	8.74	1.43	2.54	0.48	12.24	1.59	0.79	0.64	4.61	0.00	6.20	5.72	0.48	0.16	0.00	0.32	14.47	0.00	0.32	0.32	0.00	8.27	2.38	1.27	0.64	2.86	0.64	1.59	0.48	0.16	0.32	0.00	0.48	0.00	0.48	0.00	0.00	5.56	2.70	1.75	0.64	0.48	0.64	0.79	10.02	1.43	8.90	0.64	3.66	4.61	2.54	0.64	1.11	2.07	0.00	0.00	1.11	0.00	0.16	0.95	0.00	0.00	30.84	7.63	3.18	1.43	0.00	1.75	0.32	1.91	0.00	0.64	1.27	12.72
40.txt	1	591	38.49	94.96	37.69	92.85	14.07	9.64	80.88	55.16	20.98	16.41	6.60	0.68	7.95	0.00	1.18	4.57	4.91	12.52	10.49	5.75	4.57	0.68	16.75	3.05	1.86	1.69	2.20	0.68	6.60	5.41	1.18	0.17	0.34	0.34	15.74	0.17	0.00	0.17	0.00	6.94	1.18	1.35	1.35	1.86	1.18	0.68	0.68	0.34	0.17	0.00	0.17	0.00	0.17	0.00	0.00	6.94	2.88	1.52	1.18	2.20	0.34	2.54	14.04	2.37	12.01	2.03	4.23	6.77	1.86	0.85	0.17	0.51	0.68	0.00	1.35	0.00	0.00	0.68	0.68	0.00	20.14	4.23	4.91	0.00	0.00	1.35	1.52	0.17	0.17	2.37	0.00	5.41
41.txt	1	885	38.68	83.73	41.91	99.00	9.12	15.14	80.11	48.70	18.76	13.33	5.76	1.47	5.88	0.00	0.23	5.42	4.52	10.51	9.27	5.65	4.86	1.47	18.42	3.50	1.81	1.47	1.69	1.47	8.47	7.34	1.13	0.11	0.00	0.11	11.41	0.11	0.79	0.11	0.00	12.20	1.92	2.71	1.36	3.73	2.37	1.69	1.58	0.68	0.45	0.34	0.45	0.11	0.23	0.00	0.23	8.36	2.94	2.26	1.47	1.92	0.90	2.15	14.80	2.60	11.75	2.49	4.07	5.65	1.81	0.56	0.45	0.56	0.00	0.11	1.24	0.00	0.45	0.56	0.23	0.00	26.89	6.44	3.05	0.45	0.00	2.15	3.62	0.11	0.34	4.41	0.11	6.21
42.txt	1	448	57.50	94.08	22.76	99.00	7.59	15.40	79.46	47.54	16.52	12.50	4.69	0.89	6.47	0.00	0.45	4.02	5.36	10.71	9.15	4.69	3.57	0.45	16.74	3.79	1.34	1.12	2.01	0.67	8.04	7.81	0.22	0.22	0.00	0.00	14.51	0.00	0.67	0.00	0.00	6.70	0.45	0.89	1.34	2.23	1.79	1.12	0.67	0.45	0.22	0.00	0.45	0.45	0.00	0.00	0.00	7.37	2.68	1.12	1.79	1.79	0.45	3.35	12.95	2.01	11.61	2.23	4.24	6.25	0.89	0.45	0.67	1.79	0.00	0.00	3.35	0.00	0.22	2.90	0.22	0.00	21.88	9.15	4.91	0.00	0.00	2.90	1.79	1.34	0.00	1.34	0.00	0.45
43.txt	1	66	16.03	67.52	98.01	54.29	16.50	18.18	95.45	59.09	27.27	19.70	12.12	1.52	4.55	0.00	1.52	7.58	4.55	12.12	13.64	4.55	4.55	1.52	27.27	1.52	1.52	1.52	3.03	0.00	1.52	1.52	0.00	0.00	0.00	0.00	12.12	0.00	1.52	0.00	1.52	13.64	3.03	3.03	1.52	6.06	1.52	0.00	3.03	0.00	1.52	1.52	0.00	0.00	0.00	0.00	0.00	7.58	1.52	1.52	3.03	1.52	0.00	4.55	18.18	3.03	19.70	4.55	9.09	6.06	3.03	1.52	0.00	0.00	0.00	0.00	0.00	0.00	0.00	0.00	0.00	0.00	15.15	3.03	3.03	0.00	0.00	1.52	0.00	0.00	0.00	7.58	0.00	0.00
44.txt	1	76	12.81	90.57	9.58	90.71	19.00	17.11	78.95	55.26	18.42	11.84	3.95	2.63	5.26	0.00	0.00	6.58	3.95	9.21	17.11	9.21	3.95	1.32	22.37	1.32	1.32	2.63	0.00	3.95	6.58	5.26	1.32	0.00	0.00	0.00	11.84	0.00	0.00	0.00	0.00	13.16	1.32	2.63	2.63	3.95	1.32	1.32	1.32	0.00	1.32	0.00	0.00	0.00	0.00	0.00	0.00	7.89	5.26	1.32	0.00	1.32	0.00	6.58	10.53	2.63	9.21	1.32	7.89	0.00	2.63	0.00	0.00	0.00	0.00	0.00	5.26	0.00	1.32	0.00	5.26	0.00	19.74	3.95	5.26	0.00	0.00	3.95	1.32	0.00	0.00	5.26	0.00	0.00
45.txt	1	176	24.34	96.52	17.28	77.95	11.00	9.09	86.93	51.70	21.02	16.48	7.39	1.14	5.11	1.14	1.70	4.55	2.27	9.66	12.50	6.25	2.27	0.57	18.75	3.41	1.14	2.27	1.70	0.57	8.52	5.68	2.84	0.57	0.00	0.57	22.16	0.00	0.57	0.00	2.27	7.95	1.70	1.14	2.27	1.70	0.00	2.27	3.98	0.00	3.41	0.57	0.00	0.00	0.00	0.00	0.00	11.93	5.11	1.14	4.55	2.84	0.00	5.68	13.07	0.57	7.39	0.57	4.55	2.27	3.41	0.00	0.00	0.00	0.00	0.00	5.11	0.00	0.00	3.98	1.70	0.00	18.18	2.27	6.82	0.00	0.00	4.55	1.70	0.00	1.14	1.70	0.00	0.00
46.txt	1	242	40.32	85.87	27.19	97.90	17.29	16.53	81.82	52.48	19.01	15.29	6.61	0.41	5.79	0.00	2.48	3.72	4.55	12.40	9.92	5.37	6.61	0.41	17.36	2.48	2.48	2.07	4.13	1.65	6.20	5.79	0.41	0.00	0.00	0.41	13.22	0.00	0.00	0.00	0.00	8.26	1.24	0.83	2.48	2.89	1.24	1.65	2.48	0.00	0.00	0.83	1.24	0.41	0.00	0.00	0.83	4.13	2.48	0.00	0.41	1.24	0.00	3.31	11.57	2.07	10.33	2.48	4.55	3.31	1.65	0.41	0.83	4.96	0.00	0.00	1.24	0.00	0.00	0.83	0.41	0.00	11.57	4.13	2.07	0.00	0.00	1.24	0.00	0.00	0.00	2.07	0.83	1.24
47.txt	1	430	56.00	75.01	78.89	94.05	12.65	14.88	86.51	52.56	16.28	12.56	6.28	0.23	4.65	0.00	1.40	3.72	7.44	11.40	10.23	6.05	4.19	0.93	15.81	1.86	1.16	0.70	2.79	1.86	6.28	5.35	0.93	0.23	0.00	0.47	11.16	0.00	0.47	0.00	0.00	10.47	2.09	0.93	2.33	3.49	1.16	2.09	0.47	0.23	0.00	0.00	2.33	0.00	0.00	0.00	2.33	6.51	2.09	0.93	3.95	0.47	0.00	1.86	12.79	1.40	17.67	1.40	7.91	7.91	1.86	2.09	0.00	2.33	0.00	0.00	0.93	0.00	0.00	0.70	0.23	0.00	15.81	6.28	3.49	0.00	0.00	1.16	0.23	1.16	0.00	2.33	0.47	0.70
48.txt	1	188	28.93	72.07	55.35	95.93	12.53	11.70	75.53	47.87	15.96	10.11	5.32	0.00	4.79	0.00	0.00	5.85	2.13	9.04	10.64	5.32	6.38	1.60	22.87	2.13	0.00	1.60	0.00	0.00	4.79	4.79	0.00	0.00	0.00	0.00	10.64	0.00	0.00	0.00	0.00	9.04	0.00	1.60	2.13	4.26	0.53	2.66	2.66	1.60	1.06	0.00	0.00	0.00	0.00	0.00	0.00	5.32	1.60	1.06	2.66	0.53	0.00	4.79	12.23	3.19	15.96	2.13	6.38	7.45	2.13	0.00	0.53	0.00	0.00	0.00	2.13	0.00	0.00	2.13	0.00	0.00	14.89	1.60	2.13	0.00	0.00	6.38	0.00	0.00	1.60	1.06	2.13	0.00
49.txt	1	138	8.04	21.26	83.36	1.00	9.86	4.35	81.16	60.14	23.91	15.22	9.42	0.00	5.80	0.00	0.00	8.70	5.07	7.97	13.77	7.97	0.72	7.25	21.01	3.62	0.00	2.17	0.00	0.72	5.07	0.72	4.35	0.00	1.45	2.17	10.14	0.00	0.00	0.00	0.00	10.14	1.45	0.00	0.00	2.17	0.72	5.80	0.00	0.00	0.00	0.00	0.00	0.00	0.00	0.00	0.00	7.25	0.72	0.72	3.62	1.45	0.72	4.35	13.77	2.17	10.14	1.45	5.07	4.35	0.72	0.72	0.00	0.72	0.00	0.00	5.80	1.45	1.45	0.00	2.90	0.72	23.19	6.52	6.52	0.00	1.45	2.90	0.00	0.00	0.00	5.80	0.00	0.00
50.txt	1	905	68.65	92.75	32.24	78.43	18.10	19.23	84.42	51.38	14.36	11.05	2.76	1.77	4.42	0.44	1.66	3.31	7.51	12.82	10.94	4.31	3.76	1.10	18.34	2.65	1.44	0.55	0.55	2.54	3.98	3.43	0.55	0.22	0.11	0.00	15.03	0.00	0.33	0.11	0.55	11.27	2.32	1.44	2.32	3.43	0.88	2.76	1.22	0.11	0.99	0.00	0.00	0.00	0.00	0.00	0.00	8.51	3.98	1.10	2.87	0.99	0.66	3.31	12.38	0.99	13.15	3.09	6.85	3.43	6.41	0.11	0.22	1.22	0.11	0.00	0.88	0.00	0.22	0.22	0.55	0.00	16.69	4.64	4.86	0.00	0.00	1.88	0.22	0.11	0.33	3.43	0.22	0.99
51.txt	1	74	44.26	98.40	2.75	75.85	24.67	16.22	72.97	40.54	16.22	10.81	1.35	4.05	5.41	0.00	0.00	5.41	4.05	5.41	6.76	0.00	6.76	2.70	13.51	0.00	0.00	0.00	1.35	2.70	2.70	2.70	0.00	0.00	0.00	0.00	20.27	0.00	1.35	0.00	2.70	12.16	0.00	0.00	4.05	4.05	1.35	4.05	2.70	1.35	1.35	0.00	0.00	0.00	0.00	0.00	0.00	9.46	5.41	1.35	2.70	0.00	0.00	1.35	13.51	1.35	8.11	0.00	1.35	6.76	2.70	0.00	1.35	2.70	0.00	0.00	2.70	0.00	1.35	1.35	1.35	0.00	13.51	2.70	5.41	0.00	0.00	2.70	0.00	0.00	0.00	2.70	0.00	0.00
52.txt	1	219	68.62	89.11	29.73	68.84	19.91	10.05	86.30	54.34	19.18	11.87	4.57	1.83	2.74	2.28	0.46	7.31	5.02	18.26	10.50	4.11	2.74	0.91	18.72	2.74	0.91	0.46	0.00	3.20	3.20	2.74	0.46	0.00	0.00	0.00	14.16	0.00	0.00	0.00	2.28	7.76	1.37	0.46	1.37	3.20	0.91	0.91	1.83	0.00	1.83	0.00	0.00	0.00	0.00	0.00	0.00	10.96	3.20	2.28	3.20	2.74	0.46	4.11	12.33	1.37	14.61	2.28	6.39	6.39	2.74	0.46	0.00	2.28	0.00	0.00	2.28	0.00	0.00	1.37	0.00	0.91	15.07	2.28	5.94	0.00	0.00	1.37	0.91	0.46	0.00	4.11	0.00	0.00
53.txt	1	332	27.03	80.87	52.57	60.02	17.47	9.64	83.73	56.02	19.28	13.86	7.23	2.41	3.01	0.90	0.30	5.42	3.92	12.35	15.96	4.82	4.22	1.51	22.29	2.11	0.60	2.41	0.90	2.71	4.22	3.01	1.20	0.30	0.00	0.60	12.95	0.00	0.60	0.90	0.00	10.54	3.31	0.90	2.11	2.41	1.20	0.90	1.81	0.60	0.90	0.30	0.30	0.30	0.00	0.00	0.00	8.43	5.12	0.90	2.11	1.20	0.60	1.51	17.47	4.22	12.95	1.81	5.72	6.02	2.11	0.00	0.30	0.00	0.00	0.00	1.20	0.00	0.00	0.60	0.60	0.00	18.07	3.31	6.63	0.00	0.00	3.01	0.60	0.30	0.00	4.22	0.00	0.00
54.txt	1	110	39.85	94.90	6.31	98.09	22.00	10.00	79.09	50.91	17.27	11.82	2.73	4.55	4.55	0.00	0.00	5.45	5.45	9.09	15.45	2.73	1.82	1.82	20.00	2.73	0.91	0.91	0.91	4.55	7.27	6.36	0.91	0.00	0.00	0.00	13.64	0.00	0.00	0.00	0.00	7.27	0.00	0.00	3.64	2.73	0.91	1.82	1.82	0.91	0.00	0.91	0.00	0.00	0.00	0.00	0.00	10.91	6.36	0.91	1.82	0.91	1.82	0.91	15.45	0.91	10.91	0.91	4.55	5.45	0.91	0.91	0.00	0.91	0.00	0.00	2.73	0.00	0.00	2.73	0.00	0.00	14.55	0.00	7.27	0.00	0.00	3.64	0.00	0.91	0.00	1.82	0.00	0.91
55.txt	1	164	30.61	91.96	3.05	48.39	23.43	11.59	84.15	54.88	22.56	11.59	2.44	4.27	4.27	0.00	0.61	10.98	4.88	12.20	12.80	3.05	3.05	3.66	20.73	4.27	3.05	2.44	1.22	2.44	4.88	3.05	1.83	0.00	0.00	0.00	12.80	0.00	0.61	0.00	0.61	11.59	1.83	0.61	2.44	1.83	3.66	1.22	2.44	1.83	0.61	0.00	0.00	0.00	0.00	0.00	0.00	11.59	5.49	0.61	1.22	2.44	1.83	2.44	17.07	0.00	6.71	0.61	3.05	3.05	4.27	0.00	0.00	3.05	0.00	0.00	1.83	0.00	0.00	0.00	1.83	0.00	19.51	0.61	8.54	0.00	0.00	1.83	1.83	0.00	0.00	6.71	0.00	0.00
56.txt	1	738	44.08	93.36	12.48	71.55	15.06	15.72	85.50	55.42	19.78	13.55	4.34	3.12	3.52	0.95	1.63	6.23	5.28	13.41	11.25	4.47	5.28	0.95	18.97	3.66	1.63	1.08	1.49	1.90	4.88	3.66	1.22	0.00	0.14	0.00	15.72	0.00	0.14	0.41	0.54	11.38	2.57	0.68	3.66	3.52	1.49	2.03	1.76	0.27	1.08	0.41	1.49	0.00	1.49	0.00	0.00	10.57	4.61	1.49	2.85	1.76	0.81	2.03	14.50	1.36	9.76	0.81	3.79	5.69	3.52	0.68	0.00	1.76	0.00	0.00	0.54	0.00	0.00	0.54	0.00	0.00	15.04	5.15	4.61	0.00	0.00	1.36	0.14	0.68	0.00	3.12	0.00	0.00